This program written by Anthony Cortes

The function of this program is to find the frequency
of each number that has been drawn in the Texas lotto game.
The program
  1. Calculates and displays the frequency of drawn numbers
     in Texas Lotto in each year.
  2. Calculates and displays the overall frequency of each
      number that has been drawn since the lotto started.
  3. Sorts the frequency numbers in Descending order. Display
      the sorted list
  4. Displays total number of integers in the entire file.

For each year, the frequency of drawn numbers in the Texas Lotto are as follows [1 - 27] :- 

Year -> No  1   2   3   4   5   6   7   8   9  10  11  12  13  14  15  16  17  18  19  20  21  22  23  24  25  26  27 
1992        0   0   1   1   2   0   1   0   3   0   2   1   2   2   1   2   3   1   1   0   5   1   5   4   2   3   1 

1993       19  12  16  17  17  14  12  14  10  21  10   9  12  15  12  11   7  10   5  14  10  16  13  10  11   6  14 

1994       14   9  10  14   5   9  16  21  13  10  14  10  18  11  11  15  20   5  11  13   6  14  13  14  11  20  14 

1995       17  11  11  10  15  11  12  11  11  13  13  11  11  11  18  10  16  11  15   9  12  10   7  16   8  14  11 

1996       10  20  12  15  10  13  12  13  14  17  12  18  10  13  13  17  14  11  17  10  16  12   8  11  12  15  15 

1997       15  11  14  10  11  13   6  12  14  15  13  16   9  12  12  14  12  16  16  13   9  14   6  13   7  12  11 

1998       14  14  18  19  15  11  13  15  15  12   9  13  11   9  11  16   7  15  15  13   9  13  12   8  11  15   7 

1999       14  11  12   9  17  10  10   7   8  14  20  11  11  13  15  13   5   7  15  15  15  17   9  13  14  15  16 

2000        8  10  18  14   8  10  12   9  19   6  12  13  12  11  12  14  11  11  10  14  11  13  16   7  11   7  17 

2001        6   8  13  14  11  12  14   8  17   9  10  11  11   9  15  12  10  13   7  11  11  11   6  14  12  11   5 

2002       10  15  13  16  18   9   5   9   9  16  14  13   8  10  10  12  12  12  14   8   8  11  14   7  15  10  14 

2003       14  18  14  15  19  15  18   9  17  13  16  11  15  14   9  10   8  11  14  12  18  11  12  12   9  20  18 

2004        9  14  12  12  15  15  12  21  11  13  17  11  18  15  17  17   8  22  13  15  17  12  13  14  17  17  20 

2005       19  13  12  16  16  19  14  15  15  20  11  11  20  17  17  17  14  16  16  15  11  17  15  17  10  16  14 

2006       10  12  13  10  14  10  20  16  10  14  12  11  15  10  11  15  17   8  14  12  14  11   9  16   9  14   8 

2007        8   7  12  11   8   6  15  14   8  14   9  16   6  18   8  16  16  16  17   8  17   8  13  12  11  11   9 

2008        9  14   9  11  10  12  13  10  15  12   9  17   8   8  10   8  18  13  15  10   7   9  16  10  14  20  16 

2009        8   9   7  10  12  14  10  12   8  11   4   7   9  13  20  17  12  10  16  14  16  18  15  18  12  13  13 

2010       13   5  12  14  11  14  14  13   8   6  10  11   5  15   5  10  11  17  18  15  12  14  11  11  12  10  14 

2011       11  12  10   9  14  17   8   6  13  10   6  11  15  11  12  14  15   6  16  10  11  10   9  12  13  16   7 

2012       26  10  10   9  11   8   9  16   9  12  11  12   9  11  13  13  11  12  11  16  16  11   9  17   8  11  17 

2013       10   9   8   9  14   5  14  12  14  10  11  13  16  15  11   8   7  15  10  10  11  14  12  13  19  18   7 

2014       11  13  10  14   9   9  11  13  11  12   5  10  10  12  13  13  11  15   6   7  12  13  12  14  15  14  17 

2015       11  12  12  18  10  17  16  15  11  10  12  15  11  13  13  11  10  10  10   7  20  15  12   7   9  13  15 

2016        9  13  11  11  15   8  14  16  12   8   9  11   6  11  18  15  10   9  11  10  17  11   4  12  14  15   9 

2017       10  13   8  18  16  10  12  15   8  13  16  12  12   9  13  16  16  11  15   7  10  10   8  19  13  14  13 

2018       11   9  10  17  17  13   6  14  13  13  13  18   9   9  15  12  12  10  12  11   8  11   9  11   9  12  13 

2019        5   6   4   2   5   3   3   5   4   2   5   1   5   4   4   2   3   1   0   1   2   3   1   6   1   1   3 

For each year, the frequency of drawn numbers in the Texas Lotto are as follows [28 - 54] :- 
Year -> No 28  29  30  31  32  33  34  35  36  37  38  39  40  41  42  43  44  45  46  47  48  49  50  51  52  53  54 
1992        2   2   0   4   3   1   0   1   3   2   5   3   1   0   3   0   1   3   2   2   1   0   1   0   0   0   0 

1993       13  15  11  18  14  16  14  11  11  12  15  14  16  13   9   9   9  16  13  11   9   9   9   0   0   0   0 

1994       12   9   9  15  10   9   7   8  18  10  16  15  14  12  14  16   9  18  15  15  17  14   7   0   0   0   0 

1995       11  14  12  13  13  17   9  16  12  10  10  16  15  21  10  15  10  15  12  13   7  16  12   0   0   0   0 

1996       16  13  13   8  17  14   9  12   8   9   6  15   6  11   9  15  11   9  17   9  12  17   8   0   0   0   0 

1997       13  15  14  15  11  16  13  10  13  10  11  16  13  13  10  12  19  12  15  14  15  10  14   0   0   0   0 

1998       12  13  12  14  16   9  22   8  11   5  14  11  13  10  12  16  14  10  12   7   8  15  20   0   0   0   0 

1999       14  11  11  18  16  15  11  12   9   8  11  10  12  15  12   9  14  13  11  15  14  13  14   0   0   0   0 

2000       14  18   8  10  12  10  11  15  14  12  17  15  11  19  13  10  11  12  13   8  18  12  10   6   6   4   5 

2001       13   8  13   8  15  21   9  14  13  10  10   8  17  14  11  16  12  14   8  12  14  12  19  11  11   6  14 

2002       17   6  14  10  17  13  15  12   9  12   7  11  11  17  15  11  10   9  11  13  11   6  12  11   6  18   8 

2003       10  14  13  11  13  16  11  12   5  21  13  14  13  18  16   5  12   6   3   3   2   5   2   4   9   2   5 

2004       18  13  17  10  17  13   6  11  11  14  10  14  17   4  15  19  18   0   0   0   0   0   0   0   0   0   0 

2005       12  16  15  10   8  14  11  11  15  17  10  16  14   8  13  13  14   0   0   0   0   0   0   0   0   0   0 

2006       14   8  13  15  10  11  12   8  16  14  11  18  15  15  17  11  11   3   8  10   6   6   8   6  10   6   7 

2007       10  15  13  14   7  11  17  14  11  10  18   7  13  10   9  12  13   9  11  13   7  16  10   8  16  10   6 

2008       16  13   9  14  15   8   7  21  12  13   9  12  11  10  11  16   8   8   8  13  10  14  12   9   9  15   4 

2009       11   6  12  14   5  12  10  10  11  13  13  17  10  15  18  12   8   7  12   8   7  10  10  13   5  14  13 

2010       16  13   6   9   7  14  15  13  14   7  11  14  13  10  12  13  12   8  14   9  15  13   9  12  16   4  14 

2011       14  14  15  14  13   9   7  15  14  10  13  14  12  12  10  11  10  12  11  11  15   8  15  10  11  11  15 

2012       10  10   6   9  13  13  10   9  11  10  16   9  16  13  11  10   9   9  11  12  14  19   8   6   8  14  10 

2013        4  14  11  15   9  10  15  16   9  14  13  13   8  16  15  13  16   7  11  10   5  12  13   8   7  12  13 

2014       10  14   9  13  17   8  14  13  10   9  11   8   9  14  13  11  10  14   8   9  10  19  11  12  15  10  17 

2015       10  11   6  14   6   7  12  14   9  18  13  11  10  11  13  13  12  10   5  10   9  12  11  10   9  11  12 

2016       14  12  10   8  14   9   7  11   8  21  15  14  14  16  11   8  13  11  12  10   9  14   9  17  11  12  11 

2017        5  13   8   8  12  12  10   6  12  13  16   6  10   9   9   9  13   8  12  12  12   8   9  15  12  19   9 

2018       10   9  13  15  14  11  19   8  10   8  14  11   9  10   9  12  15  11  12  10   9  11   9  15  11   8  14 

2019        3   2   7   2   1   1   3   5   2   4   6   1   2   0   4   3   4   1   0   3   5   2   4   2   3   2   2 

Over All The Data , The Frequency of drawn numbers in the Texas Lotto are [1 - 27] :-
Freq. -> No   1    2    3    4    5    6    7    8    9   10   11   12   13   14   15   16   17   18   19   20   21   22   23   24   25   26   27 
            321  310  312  345  345  307  322  341  320  326  305  324  304  321  339  350  316  314  340  300  331  330  289  338  309  363  338 

Over All The Data , The Frequency of drawn numbers in the Texas Lotto are [28 - 54] :-
Freq. -> No  28   29   30   31   32   33   34   35   36   37   38   39   40   41   42   43   44   45   46   47   48   49   50   51   52   53   54 
            324  321  300  328  325  320  306  316  301  316  334  333  325  336  324  320  318  255  267  262  261  293  266  175  175  178  179 

The MOST frequent Numbers Drawn in the Texas LOTTO Game from Highest to Lowest [1 - 27] :-
Freq. -> No  26   16    4    5    8   19   15   27   24   41   38   39   21   22   31   10   40   32   12   28   42    7    1   14   29   43    9 
            363  350  345  345  341  340  339  338  338  336  334  333  331  330  328  326  325  325  324  324  324  322  321  321  321  320  320 

The MOST frequent Numbers Drawn in the Texas LOTTO Game from Highest to Lowest [28 - 54] :-
Freq. -> No  33   44   17   37   35   18    3    2   25    6   34   11   13   36   20   30   49   23   46   50   47   48   45   54   53   51   52 
            320  318  316  316  316  314  312  310  309  307  306  305  304  301  300  300  293  289  267  266  262  261  255  179  178  175  175 

Total integers read: 16518
